{
 "cells": [
  {
   "cell_type": "code",
   "execution_count": 1,
   "metadata": {},
   "outputs": [],
   "source": [
    "import pandas as pd\n",
    "\n",
    "df = pd.read_csv(\"Potholes_Patched.csv\")"
   ]
  },
  {
   "cell_type": "code",
   "execution_count": 2,
   "metadata": {},
   "outputs": [
    {
     "data": {
      "text/html": [
       "<div>\n",
       "<style scoped>\n",
       "    .dataframe tbody tr th:only-of-type {\n",
       "        vertical-align: middle;\n",
       "    }\n",
       "\n",
       "    .dataframe tbody tr th {\n",
       "        vertical-align: top;\n",
       "    }\n",
       "\n",
       "    .dataframe thead th {\n",
       "        text-align: right;\n",
       "    }\n",
       "</style>\n",
       "<table border=\"1\" class=\"dataframe\">\n",
       "  <thead>\n",
       "    <tr style=\"text-align: right;\">\n",
       "      <th></th>\n",
       "      <th>ADDRESS</th>\n",
       "      <th>REQUEST_DATE</th>\n",
       "      <th>COMPLETION_DATE</th>\n",
       "      <th>NUMBER_OF_POTHOLES_FILLED_ON_BLOCK</th>\n",
       "      <th>LATITUDE</th>\n",
       "      <th>LONGITUDE</th>\n",
       "      <th>LOCATION</th>\n",
       "    </tr>\n",
       "  </thead>\n",
       "  <tbody>\n",
       "    <tr>\n",
       "      <td>0</td>\n",
       "      <td>2020 N RACINE AVE</td>\n",
       "      <td>09/18/2018 07:10:56 AM</td>\n",
       "      <td>12/12/2018 01:06:43 PM</td>\n",
       "      <td>8</td>\n",
       "      <td>NaN</td>\n",
       "      <td>NaN</td>\n",
       "      <td>NaN</td>\n",
       "    </tr>\n",
       "    <tr>\n",
       "      <td>1</td>\n",
       "      <td>4900 W 64TH ST</td>\n",
       "      <td>10/10/2018 01:37:18 PM</td>\n",
       "      <td>12/03/2018 12:45:10 PM</td>\n",
       "      <td>8</td>\n",
       "      <td>NaN</td>\n",
       "      <td>NaN</td>\n",
       "      <td>NaN</td>\n",
       "    </tr>\n",
       "    <tr>\n",
       "      <td>2</td>\n",
       "      <td>5345 N MULLIGAN AVE</td>\n",
       "      <td>08/16/2018 01:18:37 PM</td>\n",
       "      <td>09/20/2018 01:51:09 PM</td>\n",
       "      <td>52</td>\n",
       "      <td>NaN</td>\n",
       "      <td>NaN</td>\n",
       "      <td>NaN</td>\n",
       "    </tr>\n",
       "    <tr>\n",
       "      <td>3</td>\n",
       "      <td>1431 W DEVON AVE</td>\n",
       "      <td>06/24/2018 11:31:08 AM</td>\n",
       "      <td>08/02/2018 02:41:16 PM</td>\n",
       "      <td>1</td>\n",
       "      <td>NaN</td>\n",
       "      <td>NaN</td>\n",
       "      <td>NaN</td>\n",
       "    </tr>\n",
       "    <tr>\n",
       "      <td>4</td>\n",
       "      <td>5429 N MOODY AVE</td>\n",
       "      <td>09/01/2018 12:22:16 AM</td>\n",
       "      <td>09/28/2018 02:34:21 PM</td>\n",
       "      <td>8</td>\n",
       "      <td>NaN</td>\n",
       "      <td>NaN</td>\n",
       "      <td>NaN</td>\n",
       "    </tr>\n",
       "  </tbody>\n",
       "</table>\n",
       "</div>"
      ],
      "text/plain": [
       "               ADDRESS            REQUEST_DATE         COMPLETION_DATE  \\\n",
       "0    2020 N RACINE AVE  09/18/2018 07:10:56 AM  12/12/2018 01:06:43 PM   \n",
       "1       4900 W 64TH ST  10/10/2018 01:37:18 PM  12/03/2018 12:45:10 PM   \n",
       "2  5345 N MULLIGAN AVE  08/16/2018 01:18:37 PM  09/20/2018 01:51:09 PM   \n",
       "3     1431 W DEVON AVE  06/24/2018 11:31:08 AM  08/02/2018 02:41:16 PM   \n",
       "4     5429 N MOODY AVE  09/01/2018 12:22:16 AM  09/28/2018 02:34:21 PM   \n",
       "\n",
       "   NUMBER_OF_POTHOLES_FILLED_ON_BLOCK  LATITUDE  LONGITUDE LOCATION  \n",
       "0                                   8       NaN        NaN      NaN  \n",
       "1                                   8       NaN        NaN      NaN  \n",
       "2                                  52       NaN        NaN      NaN  \n",
       "3                                   1       NaN        NaN      NaN  \n",
       "4                                   8       NaN        NaN      NaN  "
      ]
     },
     "execution_count": 2,
     "metadata": {},
     "output_type": "execute_result"
    }
   ],
   "source": [
    "df.head()"
   ]
  },
  {
   "cell_type": "code",
   "execution_count": 3,
   "metadata": {
    "scrolled": true
   },
   "outputs": [],
   "source": [
    "df['REQUEST_DATE'] = pd.to_datetime(df['REQUEST_DATE'])"
   ]
  },
  {
   "cell_type": "code",
   "execution_count": 4,
   "metadata": {
    "scrolled": true
   },
   "outputs": [],
   "source": [
    "df['COMPLETION_DATE'] = pd.to_datetime(df['COMPLETION_DATE'])"
   ]
  },
  {
   "cell_type": "code",
   "execution_count": 6,
   "metadata": {
    "scrolled": false
   },
   "outputs": [
    {
     "data": {
      "text/html": [
       "<div>\n",
       "<style scoped>\n",
       "    .dataframe tbody tr th:only-of-type {\n",
       "        vertical-align: middle;\n",
       "    }\n",
       "\n",
       "    .dataframe tbody tr th {\n",
       "        vertical-align: top;\n",
       "    }\n",
       "\n",
       "    .dataframe thead th {\n",
       "        text-align: right;\n",
       "    }\n",
       "</style>\n",
       "<table border=\"1\" class=\"dataframe\">\n",
       "  <thead>\n",
       "    <tr style=\"text-align: right;\">\n",
       "      <th></th>\n",
       "      <th>ADDRESS</th>\n",
       "      <th>REQUEST_DATE</th>\n",
       "      <th>COMPLETION_DATE</th>\n",
       "      <th>NUMBER_OF_POTHOLES_FILLED_ON_BLOCK</th>\n",
       "      <th>LATITUDE</th>\n",
       "      <th>LONGITUDE</th>\n",
       "      <th>LOCATION</th>\n",
       "    </tr>\n",
       "  </thead>\n",
       "  <tbody>\n",
       "    <tr>\n",
       "      <td>44507</td>\n",
       "      <td>3848 W LAWRENCE AVE</td>\n",
       "      <td>2019-12-19 14:48:08</td>\n",
       "      <td>2019-12-19 14:49:36</td>\n",
       "      <td>2</td>\n",
       "      <td>41.968599</td>\n",
       "      <td>-87.725155</td>\n",
       "      <td>POINT (-87.725154649872 41.96859889137)</td>\n",
       "    </tr>\n",
       "    <tr>\n",
       "      <td>44497</td>\n",
       "      <td>812 E 48TH ST</td>\n",
       "      <td>2019-12-19 14:24:02</td>\n",
       "      <td>2019-12-19 14:25:44</td>\n",
       "      <td>10</td>\n",
       "      <td>41.807950</td>\n",
       "      <td>-87.605901</td>\n",
       "      <td>POINT (-87.605900877439 41.807949552762)</td>\n",
       "    </tr>\n",
       "    <tr>\n",
       "      <td>44326</td>\n",
       "      <td>11200 S WESTERN AVE</td>\n",
       "      <td>2019-12-19 13:54:19</td>\n",
       "      <td>2019-12-19 13:56:17</td>\n",
       "      <td>2</td>\n",
       "      <td>41.689735</td>\n",
       "      <td>-87.681131</td>\n",
       "      <td>POINT (-87.681131032779 41.689734963493)</td>\n",
       "    </tr>\n",
       "    <tr>\n",
       "      <td>44485</td>\n",
       "      <td>1306 E 56TH ST</td>\n",
       "      <td>2019-12-19 11:29:41</td>\n",
       "      <td>2019-12-19 11:31:56</td>\n",
       "      <td>5</td>\n",
       "      <td>41.793329</td>\n",
       "      <td>-87.594509</td>\n",
       "      <td>POINT (-87.594509404213 41.793328746388)</td>\n",
       "    </tr>\n",
       "    <tr>\n",
       "      <td>44514</td>\n",
       "      <td>1201 E 56TH ST</td>\n",
       "      <td>2019-12-19 11:27:22</td>\n",
       "      <td>2019-12-19 11:28:43</td>\n",
       "      <td>7</td>\n",
       "      <td>41.793150</td>\n",
       "      <td>-87.596194</td>\n",
       "      <td>POINT (-87.596193745079 41.793150059444)</td>\n",
       "    </tr>\n",
       "    <tr>\n",
       "      <td>...</td>\n",
       "      <td>...</td>\n",
       "      <td>...</td>\n",
       "      <td>...</td>\n",
       "      <td>...</td>\n",
       "      <td>...</td>\n",
       "      <td>...</td>\n",
       "      <td>...</td>\n",
       "    </tr>\n",
       "    <tr>\n",
       "      <td>31472</td>\n",
       "      <td>7946 S KEDZIE Avenue</td>\n",
       "      <td>2018-03-08 15:29:10</td>\n",
       "      <td>2019-02-07 11:41:59</td>\n",
       "      <td>22</td>\n",
       "      <td>41.748382</td>\n",
       "      <td>-87.702641</td>\n",
       "      <td>POINT (-87.702641480375 41.74838248709)</td>\n",
       "    </tr>\n",
       "    <tr>\n",
       "      <td>19013</td>\n",
       "      <td>2300 W NORTH AVE</td>\n",
       "      <td>2018-02-25 10:43:49</td>\n",
       "      <td>2018-07-02 08:44:33</td>\n",
       "      <td>20</td>\n",
       "      <td>NaN</td>\n",
       "      <td>NaN</td>\n",
       "      <td>NaN</td>\n",
       "    </tr>\n",
       "    <tr>\n",
       "      <td>13422</td>\n",
       "      <td>2413 N SB OUTER LAKE SHORE DR</td>\n",
       "      <td>2018-02-22 19:37:49</td>\n",
       "      <td>2018-08-16 07:27:14</td>\n",
       "      <td>1</td>\n",
       "      <td>NaN</td>\n",
       "      <td>NaN</td>\n",
       "      <td>NaN</td>\n",
       "    </tr>\n",
       "    <tr>\n",
       "      <td>31368</td>\n",
       "      <td>330 W GOETHE Street</td>\n",
       "      <td>2018-01-31 13:11:12</td>\n",
       "      <td>2018-12-26 12:40:18</td>\n",
       "      <td>2</td>\n",
       "      <td>41.905862</td>\n",
       "      <td>-87.637595</td>\n",
       "      <td>POINT (-87.637595490904 41.905862218497)</td>\n",
       "    </tr>\n",
       "    <tr>\n",
       "      <td>10243</td>\n",
       "      <td>5214 N LOVEJOY AVE</td>\n",
       "      <td>2018-01-19 20:58:00</td>\n",
       "      <td>2018-11-08 10:48:35</td>\n",
       "      <td>1</td>\n",
       "      <td>NaN</td>\n",
       "      <td>NaN</td>\n",
       "      <td>NaN</td>\n",
       "    </tr>\n",
       "  </tbody>\n",
       "</table>\n",
       "<p>47234 rows × 7 columns</p>\n",
       "</div>"
      ],
      "text/plain": [
       "                             ADDRESS        REQUEST_DATE     COMPLETION_DATE  \\\n",
       "44507            3848 W LAWRENCE AVE 2019-12-19 14:48:08 2019-12-19 14:49:36   \n",
       "44497                  812 E 48TH ST 2019-12-19 14:24:02 2019-12-19 14:25:44   \n",
       "44326            11200 S WESTERN AVE 2019-12-19 13:54:19 2019-12-19 13:56:17   \n",
       "44485                 1306 E 56TH ST 2019-12-19 11:29:41 2019-12-19 11:31:56   \n",
       "44514                 1201 E 56TH ST 2019-12-19 11:27:22 2019-12-19 11:28:43   \n",
       "...                              ...                 ...                 ...   \n",
       "31472           7946 S KEDZIE Avenue 2018-03-08 15:29:10 2019-02-07 11:41:59   \n",
       "19013               2300 W NORTH AVE 2018-02-25 10:43:49 2018-07-02 08:44:33   \n",
       "13422  2413 N SB OUTER LAKE SHORE DR 2018-02-22 19:37:49 2018-08-16 07:27:14   \n",
       "31368            330 W GOETHE Street 2018-01-31 13:11:12 2018-12-26 12:40:18   \n",
       "10243             5214 N LOVEJOY AVE 2018-01-19 20:58:00 2018-11-08 10:48:35   \n",
       "\n",
       "       NUMBER_OF_POTHOLES_FILLED_ON_BLOCK   LATITUDE  LONGITUDE  \\\n",
       "44507                                   2  41.968599 -87.725155   \n",
       "44497                                  10  41.807950 -87.605901   \n",
       "44326                                   2  41.689735 -87.681131   \n",
       "44485                                   5  41.793329 -87.594509   \n",
       "44514                                   7  41.793150 -87.596194   \n",
       "...                                   ...        ...        ...   \n",
       "31472                                  22  41.748382 -87.702641   \n",
       "19013                                  20        NaN        NaN   \n",
       "13422                                   1        NaN        NaN   \n",
       "31368                                   2  41.905862 -87.637595   \n",
       "10243                                   1        NaN        NaN   \n",
       "\n",
       "                                       LOCATION  \n",
       "44507   POINT (-87.725154649872 41.96859889137)  \n",
       "44497  POINT (-87.605900877439 41.807949552762)  \n",
       "44326  POINT (-87.681131032779 41.689734963493)  \n",
       "44485  POINT (-87.594509404213 41.793328746388)  \n",
       "44514  POINT (-87.596193745079 41.793150059444)  \n",
       "...                                         ...  \n",
       "31472   POINT (-87.702641480375 41.74838248709)  \n",
       "19013                                       NaN  \n",
       "13422                                       NaN  \n",
       "31368  POINT (-87.637595490904 41.905862218497)  \n",
       "10243                                       NaN  \n",
       "\n",
       "[47234 rows x 7 columns]"
      ]
     },
     "execution_count": 6,
     "metadata": {},
     "output_type": "execute_result"
    }
   ],
   "source": [
    "df.sort_values(['REQUEST_DATE','COMPLETION_DATE'], ascending=[0,0])\n"
   ]
  },
  {
   "cell_type": "code",
   "execution_count": 5,
   "metadata": {},
   "outputs": [
    {
     "data": {
      "text/html": [
       "<div>\n",
       "<style scoped>\n",
       "    .dataframe tbody tr th:only-of-type {\n",
       "        vertical-align: middle;\n",
       "    }\n",
       "\n",
       "    .dataframe tbody tr th {\n",
       "        vertical-align: top;\n",
       "    }\n",
       "\n",
       "    .dataframe thead th {\n",
       "        text-align: right;\n",
       "    }\n",
       "</style>\n",
       "<table border=\"1\" class=\"dataframe\">\n",
       "  <thead>\n",
       "    <tr style=\"text-align: right;\">\n",
       "      <th></th>\n",
       "      <th>ADDRESS</th>\n",
       "      <th>REQUEST_DATE</th>\n",
       "      <th>COMPLETION_DATE</th>\n",
       "      <th>NUMBER_OF_POTHOLES_FILLED_ON_BLOCK</th>\n",
       "      <th>LATITUDE</th>\n",
       "      <th>LONGITUDE</th>\n",
       "      <th>LOCATION</th>\n",
       "    </tr>\n",
       "  </thead>\n",
       "  <tbody>\n",
       "    <tr>\n",
       "      <td>10243</td>\n",
       "      <td>5214 N LOVEJOY AVE</td>\n",
       "      <td>2018-01-19 20:58:00</td>\n",
       "      <td>2018-11-08 10:48:35</td>\n",
       "      <td>1</td>\n",
       "      <td>NaN</td>\n",
       "      <td>NaN</td>\n",
       "      <td>NaN</td>\n",
       "    </tr>\n",
       "    <tr>\n",
       "      <td>31368</td>\n",
       "      <td>330 W GOETHE Street</td>\n",
       "      <td>2018-01-31 13:11:12</td>\n",
       "      <td>2018-12-26 12:40:18</td>\n",
       "      <td>2</td>\n",
       "      <td>41.905862</td>\n",
       "      <td>-87.637595</td>\n",
       "      <td>POINT (-87.637595490904 41.905862218497)</td>\n",
       "    </tr>\n",
       "    <tr>\n",
       "      <td>13422</td>\n",
       "      <td>2413 N SB OUTER LAKE SHORE DR</td>\n",
       "      <td>2018-02-22 19:37:49</td>\n",
       "      <td>2018-08-16 07:27:14</td>\n",
       "      <td>1</td>\n",
       "      <td>NaN</td>\n",
       "      <td>NaN</td>\n",
       "      <td>NaN</td>\n",
       "    </tr>\n",
       "    <tr>\n",
       "      <td>19013</td>\n",
       "      <td>2300 W NORTH AVE</td>\n",
       "      <td>2018-02-25 10:43:49</td>\n",
       "      <td>2018-07-02 08:44:33</td>\n",
       "      <td>20</td>\n",
       "      <td>NaN</td>\n",
       "      <td>NaN</td>\n",
       "      <td>NaN</td>\n",
       "    </tr>\n",
       "    <tr>\n",
       "      <td>31472</td>\n",
       "      <td>7946 S KEDZIE Avenue</td>\n",
       "      <td>2018-03-08 15:29:10</td>\n",
       "      <td>2019-02-07 11:41:59</td>\n",
       "      <td>22</td>\n",
       "      <td>41.748382</td>\n",
       "      <td>-87.702641</td>\n",
       "      <td>POINT (-87.702641480375 41.74838248709)</td>\n",
       "    </tr>\n",
       "    <tr>\n",
       "      <td>...</td>\n",
       "      <td>...</td>\n",
       "      <td>...</td>\n",
       "      <td>...</td>\n",
       "      <td>...</td>\n",
       "      <td>...</td>\n",
       "      <td>...</td>\n",
       "      <td>...</td>\n",
       "    </tr>\n",
       "    <tr>\n",
       "      <td>44514</td>\n",
       "      <td>1201 E 56TH ST</td>\n",
       "      <td>2019-12-19 11:27:22</td>\n",
       "      <td>2019-12-19 11:28:43</td>\n",
       "      <td>7</td>\n",
       "      <td>41.793150</td>\n",
       "      <td>-87.596194</td>\n",
       "      <td>POINT (-87.596193745079 41.793150059444)</td>\n",
       "    </tr>\n",
       "    <tr>\n",
       "      <td>44485</td>\n",
       "      <td>1306 E 56TH ST</td>\n",
       "      <td>2019-12-19 11:29:41</td>\n",
       "      <td>2019-12-19 11:31:56</td>\n",
       "      <td>5</td>\n",
       "      <td>41.793329</td>\n",
       "      <td>-87.594509</td>\n",
       "      <td>POINT (-87.594509404213 41.793328746388)</td>\n",
       "    </tr>\n",
       "    <tr>\n",
       "      <td>44326</td>\n",
       "      <td>11200 S WESTERN AVE</td>\n",
       "      <td>2019-12-19 13:54:19</td>\n",
       "      <td>2019-12-19 13:56:17</td>\n",
       "      <td>2</td>\n",
       "      <td>41.689735</td>\n",
       "      <td>-87.681131</td>\n",
       "      <td>POINT (-87.681131032779 41.689734963493)</td>\n",
       "    </tr>\n",
       "    <tr>\n",
       "      <td>44497</td>\n",
       "      <td>812 E 48TH ST</td>\n",
       "      <td>2019-12-19 14:24:02</td>\n",
       "      <td>2019-12-19 14:25:44</td>\n",
       "      <td>10</td>\n",
       "      <td>41.807950</td>\n",
       "      <td>-87.605901</td>\n",
       "      <td>POINT (-87.605900877439 41.807949552762)</td>\n",
       "    </tr>\n",
       "    <tr>\n",
       "      <td>44507</td>\n",
       "      <td>3848 W LAWRENCE AVE</td>\n",
       "      <td>2019-12-19 14:48:08</td>\n",
       "      <td>2019-12-19 14:49:36</td>\n",
       "      <td>2</td>\n",
       "      <td>41.968599</td>\n",
       "      <td>-87.725155</td>\n",
       "      <td>POINT (-87.725154649872 41.96859889137)</td>\n",
       "    </tr>\n",
       "  </tbody>\n",
       "</table>\n",
       "<p>47234 rows × 7 columns</p>\n",
       "</div>"
      ],
      "text/plain": [
       "                             ADDRESS        REQUEST_DATE     COMPLETION_DATE  \\\n",
       "10243             5214 N LOVEJOY AVE 2018-01-19 20:58:00 2018-11-08 10:48:35   \n",
       "31368            330 W GOETHE Street 2018-01-31 13:11:12 2018-12-26 12:40:18   \n",
       "13422  2413 N SB OUTER LAKE SHORE DR 2018-02-22 19:37:49 2018-08-16 07:27:14   \n",
       "19013               2300 W NORTH AVE 2018-02-25 10:43:49 2018-07-02 08:44:33   \n",
       "31472           7946 S KEDZIE Avenue 2018-03-08 15:29:10 2019-02-07 11:41:59   \n",
       "...                              ...                 ...                 ...   \n",
       "44514                 1201 E 56TH ST 2019-12-19 11:27:22 2019-12-19 11:28:43   \n",
       "44485                 1306 E 56TH ST 2019-12-19 11:29:41 2019-12-19 11:31:56   \n",
       "44326            11200 S WESTERN AVE 2019-12-19 13:54:19 2019-12-19 13:56:17   \n",
       "44497                  812 E 48TH ST 2019-12-19 14:24:02 2019-12-19 14:25:44   \n",
       "44507            3848 W LAWRENCE AVE 2019-12-19 14:48:08 2019-12-19 14:49:36   \n",
       "\n",
       "       NUMBER_OF_POTHOLES_FILLED_ON_BLOCK   LATITUDE  LONGITUDE  \\\n",
       "10243                                   1        NaN        NaN   \n",
       "31368                                   2  41.905862 -87.637595   \n",
       "13422                                   1        NaN        NaN   \n",
       "19013                                  20        NaN        NaN   \n",
       "31472                                  22  41.748382 -87.702641   \n",
       "...                                   ...        ...        ...   \n",
       "44514                                   7  41.793150 -87.596194   \n",
       "44485                                   5  41.793329 -87.594509   \n",
       "44326                                   2  41.689735 -87.681131   \n",
       "44497                                  10  41.807950 -87.605901   \n",
       "44507                                   2  41.968599 -87.725155   \n",
       "\n",
       "                                       LOCATION  \n",
       "10243                                       NaN  \n",
       "31368  POINT (-87.637595490904 41.905862218497)  \n",
       "13422                                       NaN  \n",
       "19013                                       NaN  \n",
       "31472   POINT (-87.702641480375 41.74838248709)  \n",
       "...                                         ...  \n",
       "44514  POINT (-87.596193745079 41.793150059444)  \n",
       "44485  POINT (-87.594509404213 41.793328746388)  \n",
       "44326  POINT (-87.681131032779 41.689734963493)  \n",
       "44497  POINT (-87.605900877439 41.807949552762)  \n",
       "44507   POINT (-87.725154649872 41.96859889137)  \n",
       "\n",
       "[47234 rows x 7 columns]"
      ]
     },
     "execution_count": 5,
     "metadata": {},
     "output_type": "execute_result"
    }
   ],
   "source": [
    "df.sort_values(['REQUEST_DATE','COMPLETION_DATE'], ascending=[1,1])\n"
   ]
  },
  {
   "cell_type": "code",
   "execution_count": null,
   "metadata": {},
   "outputs": [],
   "source": []
  }
 ],
 "metadata": {
  "kernelspec": {
   "display_name": "Python 3",
   "language": "python",
   "name": "python3"
  },
  "language_info": {
   "codemirror_mode": {
    "name": "ipython",
    "version": 3
   },
   "file_extension": ".py",
   "mimetype": "text/x-python",
   "name": "python",
   "nbconvert_exporter": "python",
   "pygments_lexer": "ipython3",
   "version": "3.7.6"
  }
 },
 "nbformat": 4,
 "nbformat_minor": 2
}
